start=1408.365292
pause=yes
sub-scale=0.300000
